100
5
1 2 3 4 5
3
3 5 6
2
5 6
2
5 5
14
99726 469264 998569 132282 199479 805422 658444 762808 902900 418132 798674 874155 564089 552672
15
945975 968164 489062 461792 716532 71702 455267 35091 589072 47334 345915 783868 218709 971822 406872
9
764096 488847 993208 7906 133359 484185 978700 772239 239648
13
187873 664231 921645 294053 220843 515767 128102 790080 502161 792636 411802 600566 997685
14
262689 590522 672621 853540 806749 83078 441980 448129 604553 712823 893548 104916 272639 846925
4
396390 557317 386205 156484
11
493768 572704 94975 191456 464925 457601 686145 697815 762299 400350 10392
11
466276 550637 75508 670971 938380 991476 567492 740705 925286 224861 277027
3
59210 98495 92149
15
490800 379134 857325 136183 852677 442070 901367 744227 339476 16379 941472 308793 261869 390914 616074
12
6988 2346 5901 3925 4309 4649 5950 4352 2269 243 2784 236
2
2017 2035
3
112 7918 7838
5
9744 8544 7425 1185 7888
8
4763 4536 3785 9423 4361 5604 2869 9981
14
1658 2346 3798 4331 1292 803 1860 8533 7218 4439 8204 8400 2086 5961
4
8744 7585 3180 13285
10
3185 9445 3899 8482 7351 4615 8728 4438 4652 4529
15
199 9277 4587 5715 3728 6972 4207 8634 6161 8547 7664 6634 1941 9075 7861
4
3463 8398 7444 12381
3
9721 4805 14140
10
5556 7097 8395 7828 7538 3748 1895 5814 8389 4752
12
7365 5003 16 9602 4670 8811 7857 5301 1934 2904 2465 5626
5
1370 5797 1882 3763 9178
11
7296 9708 6900 8280 3932 8360 1105 4228 9248 3219 4178
9
2510 9221 2547 3851 9166 5660 6487 9254 9104
3
9423 6984 16263
10
3487 2888 2852 3320 8093 9327 7074 1612 4564 14019
11
341 3574 2484 5427 9030 9996 860 5827 7637 5673 2573
9
1945 6550 4671 9416 3700 9742 4628 4474 1004
3
5469 564 8293
6
9255 2577 5229 480 3201 14138
7
5554 6025 1342 9923 9814 7792 6624
3
5296 9397 12293
8
6303 9967 1221 6309 6985 6001 1430 638
13
5378 3325 2726 50 1519 7405 5164 6883 9112 1714 1709 309 9748
3
6428 7869 1953
14
2200 307 3545 2103 538 1028 9563 7759 6491 1590 2679 7551 7411 5441
7
5594 4334 6949 3366 5721 932 717
3
914 2539 2681
5
3704 5887 7203 2014 890
4
3902 1289 4388 6931
11
1657 5877 5907 6848 1403 9282 6066 2330 8536 1085 273
13
7608 5512 2496 1708 3520 6454 3582 8778 8334 3123 6930 9282 12275
5
4750 7165 9161 5183 16005
7
6021 2310 9185 3233 1596 7750 10681
6
6692 1646 42 2126 9811 2719
10
6259 2170 6834 8432 3582 2951 4574 2754 7161 11479
9
2258 8358 9776 5445 7025 8412 9143 1690 7041
14
2404 2502 8016 6286 2437 2772 950 8988 3931 2074 2755 9901 2896 1272
8
6105 1365 1661 4315 9892 4247 1127 1895
6
9884 3907 6296 9700 9865 2574
7
9610 3776 8461 6175 1418 5457 2912
9
1750 8788 773 8243 6932 8533 4318 7102 13973
13
6382 4936 4661 402 7854 9734 8056 3025 1905 265 9997 7369 4177
5
7631 9552 6430 7639 15446
5
5264 7048 2857 6874 7915
14
1001 8627 3200 2687 1320 7294 7300 3809 1472 8554 5876 3103 4109 474
15
8026 354 8447 9675 5027 2737 7409 458 2984 7892 4730 499 3424 6052 788
12
5239 7290 7529 6240 4212 7257 4499 5385 741 3001 2814 5172
10
4401 5818 8361 308 8561 9995 3402 6798 3610 14770
14
5328 2711 9340 4997 8646 4539 5973 458 269 7622 2042 3894 1106 7945
11
1997 7977 188 8354 7701 8750 409 4892 9456 5058 8566
9
2997 8548 2767 2376 2089 8082 9448 2042 7679
13
6178 7591 6507 9986 7704 258 6621 5836 7183 3015 1903 7860 9716
3
8393 538 8915
15
7592 922 9474 8269 5656 522 259 2420 2686 3370 3520 3604 982 7879 6421
13
4376 2479 8737 2132 5657 2937 4003 2081 2860 1064 6061 3497 15648
3
9093 2330 10911
13
2395 6065 1137 6448 2413 8989 1741 4372 1211 2217 8914 8362 12392
5
4187 5086 1825 9847 1650
9
5427 7714 6432 8271 5449 6538 3295 5060 8614
12
7607 5174 8024 7258 9275 1921 4850 6407 574 4781 4631 8264
4
4237 1832 361 5836
10
9885 9330 3813 5478 4985 9470 1624 6337 5808 3155
8
2548 6831 352 6911 4898 1126 709 7493
15
2088 2686 9323 2933 1343 6134 8965 9184 5854 1404 4302 1218 8784 4242 2568
13
7359 1758 9355 244 578 8925 6460 2697 5014 7034 3596 5428 7904
13
3919 3805 7367 8570 7000 7572 7967 2382 5900 6530 9203 3120 1758
15
7133 77 1132 9614 8988 5772 7178 3982 8166 9961 5767 8783 5807 1039 769
8
4162 3372 852 7752 2695 629 8478 10654
8
5496 2104 2503 1960 7491 636 7450 4362
7
2349 7835 9558 9673 7481 8219 10763
10
6082 4368 3077 1297 7701 3078 4627 1377 6368 4679
11
1992 7215 373 6731 12 3488 7871 5465 9299 1107 9875
10
6159 8976 588 9489 4311 7242 7501 3921 1139 1712
3
6455 7774 1897
11
6856 2158 5403 6054 5334 7885 7661 394 4775 8606 13662
6
9112 7829 3577 5984 4873 13469
4
9210 8909 9776 9991
11
8300 203 9959 5657 1334 4678 6510 1046 9524 2821 13408
8
3245 1572 5825 4882 9242 469 6578 3781
3
514 9868 9370
3
2480 8812 11228
12
1543 9121 5472 737 845 6831 1885 110 2796 9311 4981 4400
15
318 8580 9042 8353 7043 1646 5664 220 1010 9196 6242 7056 8457 9154 2431
