100
5
1 2 3 4 5
3
3 5 6
2
5 6
2
5 5
15
52513 868520 774067 202717 477218 378705 737402 516889 317208 474114 476621 78681 538024 231639 350470
15
785287 547901 883735 123566 357015 162864 970895 181413 466112 987846 38586 211881 413208 543392 734199
9
546960 946282 360237 981982 44242 141806 238280 314944 542141
13
548137 78792 373542 920341 459461 887222 513296 311362 770491 566521 727787 317601 547271
10
725795 650421 461830 628921 279456 549932 768837 354847 573483 417236
4
883627 596006 258960 675651
13
359237 872224 188795 286509 678530 331750 915356 377669 977307 836772 343367 946359 35649
14
171370 483343 208561 756109 894233 710269 5655 638356 841131 924134 213183 265315 783774 915377
14
678777 122068 536271 485888 960324 447314 176109 766427 406110 513822 895369 800291 889045 541565
15
535699 262382 303431 712938 576605 750754 88022 503648 578178 45241 266432 981038 28451 985256 704711
5
5345 6661 9271 8376 2667
14
3383 4248 3958 4633 5892 2476 6021 9358 7259 5757 7754 5024 7177 13990
8
8471 1673 7533 8443 5633 6405 3505 6333
9
6045 2952 3511 5857 5148 7730 1942 264 3059
12
9311 4241 3278 9296 5754 6375 1880 2276 5051 2715 8459 3361
8
994 8192 419 8319 2808 9291 5730 15087
7
4273 6259 4320 8818 8131 4357 2425
6
5050 3837 3305 6790 9419 583
6
7375 8271 3121 2968 6872 8689
7
6088 4605 8628 570 2541 308 11618
12
6132 719 2961 4085 4520 5414 7972 1637 308 8481 879 2399
15
1086 6926 6872 243 2734 6645 3806 2940 5155 5937 1727 5996 3206 265 5982
5
8482 595 2764 7322 7796
9
4360 9901 5573 5502 5499 3533 9497 1782 5461
15
5075 1493 6296 4551 5137 312 3594 3699 2286 1946 4431 1638 3246 364 8086
10
643 8657 3240 8927 6529 8300 7516 6965 890 4920
12
5128 6114 1876 4971 6944 8616 5426 991 9480 5489 2963 9688
8
3145 7923 2164 932 2216 4310 2534 850
6
7115 8409 6461 7811 7260 3580
11
3583 3135 9212 3389 5908 7781 8854 7612 4060 59 5821
15
234 1245 9357 560 7345 9291 3705 9557 1002 3918 7088 2114 1048 6106 9051
12
8263 6424 6944 3509 5774 698 461 6300 6882 4277 8964 3068
9
9878 8256 6424 5499 9888 7986 8008 5015 16376
15
174 2221 1739 564 4132 4698 5577 9290 6155 2655 5521 9595 4403 819 741
14
1399 917 50 8498 5964 8844 4249 1553 9911 2994 3850 7288 2127 2337
3
8330 5069 13127
8
8376 6390 849 255 4752 965 2639 9576
6
8858 9504 4493 3838 9235 15578
8
1986 9199 4889 5134 1504 2649 9669 1541
12
617 8574 1866 571 3207 4446 1307 2479 8395 5825 8162 7907
7
4721 5409 7010 2764 1404 2997 8054
11
525 9126 5846 5213 325 7196 1924 8455 754 6502 878
5
8860 567 6838 3379 5635
2
4883 3185
8
3491 4857 375 9892 8348 2502 340 4231
7
497 1934 5939 5869 8593 8803 1107
4
5576 7780 810 2472
15
1959 8639 6991 6643 6521 4737 5208 4768 6587 6735 7888 9145 9709 8450 5078
12
3361 2528 5581 755 8530 2642 1040 845 6513 6496 151 16164
5
2090 7043 529 1434 537
11
893 4163 2099 4963 6274 1275 977 1474 3950 9109 16127
7
9888 267 3356 8521 4212 5004 2054
2
1668 9968
6
5556 1217 2173 1577 8001 96
8
792 3111 5694 1115 9921 2627 3954 16042
3
6325 9710 15707
9
6381 2552 9874 2045 8117 6383 3990 2116 12530
6
8696 6232 8115 3971 2782 9038
4
4205 1955 3722 6468
2
2898 9751
12
3290 6945 8658 8808 3742 2227 1396 2420 3233 285 940 4220
7
3656 8657 2617 3207 7632 6610 11557
6
7612 7383 396 5126 2320 7665
15
4761 5662 128 7843 263 912 9940 6434 2888 8260 6867 1485 4596 9114 8633
5
8705 8276 637 6069 6045
3
6559 7909 1914
12
3427 9491 1825 4530 7287 2729 2637 22 6645 9728 9595 14568
15
3332 2991 1177 6630 908 6929 5403 3825 1766 1075 6829 637 8399 4617 12384
8
393 8385 1113 1941 8050 649 6075 10436
8
5768 1217 5774 1805 5104 4361 8304 9144
12
3736 9898 5706 2215 5935 2674 4015 6862 4306 2494 8558 1761
14
1714 3291 5766 2497 6897 4009 3835 6297 2434 5951 9542 4677 4833 11595
6
9420 8486 6118 5943 807 1564
15
5829 9175 5541 4711 8336 2035 3128 3486 8408 5577 8583 4960 3380 8902 15377
15
6484 5951 2599 6744 5776 8619 8866 1356 8935 1015 7500 2665 6039 417 11970
10
54 3874 2308 8255 2129 4109 2801 1037 7465 11686
4
4484 4610 5886 5496
10
3911 4723 3752 1838 2858 6471 6436 7834 2657 2816
4
4180 8202 4261 6220
6
5749 451 4473 2851 6262 9983
5
7670 5730 5806 1770 7120
14
8537 60 4337 1689 5687 4256 7741 3259 1572 4904 8502 1437 6553 5147
3
1813 9539 8790
12
1278 3371 2751 1342 4004 1412 7813 4907 4287 5527 7678 6412
9
5257 3612 7985 3404 2319 2201 5409 4567 3464
7
7960 5390 65 6510 9645 5309 8745
9
9548 1349 6156 1421 9943 9005 40 879 15157
13
9702 1185 5033 552 5715 2726 1243 1358 8252 8275 1184 7087 7484
15
9825 8278 8008 7559 9523 7557 8494 1883 2675 792 9715 6082 5541 4403 9719
8
8534 3091 8926 1606 1096 2735 6529 5757
14
987 8052 2495 6921 8297 3337 8098 9926 6360 155 7462 1699 1128 7603
14
310 3302 7834 3094 7556 8066 5524 6582 302 3864 6079 4223 960 6990
6
1191 7821 2822 6700 9667 11971
5
7383 9613 4169 198 10709
10
2030 185 9426 4000 4514 322 2 4912 1485 10810
9
6912 9879 9219 7103 7246 9035 1358 5394 11634
