100
3 1 5 15 13 11
3 0 8 23 22 21
2 0 10 26 27
2 0 8 16 11
1 1 0 15
1 0 9 15
1 0 10 25
1 0 5 11
2 1 2 2 2
1 0 10 9
3 3 6 7 17 25
2 1 3 5 6
2 2 9 11 19
2 2 3 6 20
3 1 4 14 25 4
1 0 4 9
1 0 10 15
3 0 8 4 1 13
3 0 2 3 17 22
3 1 10 27 26 27
3 0 10 27 20 8
1 0 1 22
1 1 2 17
3 3 1 3 25 18
2 0 10 3 30
1 0 3 5
1 0 10 30
3 0 7 18 16 18
1 1 9 26
1 0 1 30
2 1 6 12 30
1 0 6 29
2 0 6 15 14
1 0 5 12
2 0 6 19 21
1 1 2 16
3 3 9 24 6 8
1 0 7 17
2 0 7 2 27
1 1 6 20
2 0 6 15 2
2 0 4 2 25
3 0 1 0 0 0
3 3 6 25 3 8
1 1 5 26
2 0 9 0 23
1 0 4 29
2 2 0 20 11
3 3 7 22 11 6
2 0 9 23 24
1 0 2 3
1 0 10 20
2 2 7 27 22
3 1 5 11 12 12
2 1 0 27 7
3 0 6 15 15 26
1 0 8 20
3 3 2 15 13 16
3 1 7 12 5 29
1 1 8 14
1 1 9 19
2 0 7 17 14
3 1 7 4 25 9
1 0 1 15
3 2 1 16 0 9
1 0 3 18
3 0 4 23 8 8
1 1 9 15
2 2 5 12 23
2 0 7 10 6
1 0 10 27
2 0 10 12 26
3 0 9 21 24 23
1 1 7 3
2 0 5 25 11
2 0 4 15 10
3 0 0 0 0 0
1 0 6 14
3 1 2 2 2 27
1 0 3 5
3 3 3 22 17 14
1 0 10 26
1 0 10 27
3 0 7 13 30 18
1 0 4 8
1 0 1 22
1 0 2 3
1 0 5 10
3 0 10 10 1 0
1 1 5 10
1 1 9 24
3 0 6 18 29 19
2 2 2 11 23
3 2 8 5 22 20
1 0 7 17
2 0 10 27 26
3 0 0 30 30 30
3 0 3 6 24 25
1 0 10 26
1 0 0 9
