100
3 1 5 15 13 11
3 0 8 23 22 21
3 0 2 2 28 3
3 0 0 0 0 0
1 0 6 1
3 0 9 24 24 24
3 2 0 28 16 20
2 2 10 9 17
2 0 0 30 30
3 1 3 22 20 6
3 0 2 20 6 3
3 0 7 18 29 27
3 1 9 1 11 27
3 1 0 24 7 10
3 0 2 8 6 8
2 0 2 2 2
3 2 2 25 7 20
2 0 9 23 11
1 0 3 1
2 2 4 7 5
3 0 2 2 2 2
3 0 3 11 11 3
3 3 0 25 27 27
3 1 2 18 2 2
1 1 9 3
3 0 8 1 27 22
1 0 2 2
3 0 3 1 1 28
3 2 1 8 13 2
2 0 0 21 8
1 0 4 8
2 2 5 3 26
2 0 10 28 3
2 0 4 9 27
1 0 7 16
3 0 8 7 1 21
1 0 4 12
3 1 7 4 13 4
3 0 7 17 8 17
1 0 10 27
1 0 10 17
1 1 1 15
3 0 6 15 18 21
1 0 6 20
1 0 9 29
1 1 2 20
3 2 3 8 4 11
1 1 8 5
1 0 9 24
1 1 10 2
1 0 6 20
3 0 4 27 3 26
2 0 5 11 12
1 0 6 15
3 0 10 30 30 30
3 3 8 7 13 8
3 1 2 2 3 2
3 3 6 14 7 11
2 0 3 24 7
1 1 2 8
3 1 6 9 5 10
2 0 7 16 9
1 0 3 6
2 0 10 26 9
1 0 6 23
2 0 10 9 0
2 0 1 12 14
2 0 4 9 8
1 0 7 1
1 0 5 18
3 0 2 28 0 25
2 0 7 1 12
1 0 5 13
2 2 5 6 16
3 0 8 20 26 20
3 3 0 24 3 2
1 0 8 21
2 0 7 25 11
3 3 5 19 14 11
1 0 4 9
2 2 7 19 2
2 1 5 0 25
1 0 1 0
3 0 8 20 21 11
1 0 3 1
1 1 9 26
2 1 1 27 0
3 0 8 5 20 20
2 0 3 24 9
3 0 10 1 26 27
1 1 5 22
3 0 6 15 15 14
1 1 9 21
1 1 10 23
1 0 9 23
1 0 6 11
1 0 0 15
1 0 6 16
2 0 5 3 24
2 0 1 3 0
